85
DSC_0419.JPG
0.999911 -0.011174 0.007322
0.012148 0.988553 -0.150386
-0.005558 0.150461 0.988600
0.000000 0.000000 0.000000
2393.952166 932.382177 628.264995
-1.000000 -1.000000 2.000000 -1.000000 -1.000000 -1.000000
DSC_0420.JPG
0.999403 -0.034414 -0.003016
0.033590 0.988433 -0.147891
0.008071 0.147701 0.988999
0.105288 -0.252101 -0.676629
2393.952166 932.382177 628.264995
-1.000000 -1.000000 3.000000 -1.000000 -1.000000 1.000000
DSC_0421.JPG
0.999518 -0.029915 0.008263
0.030832 0.987516 -0.154474
-0.003538 0.154655 0.987962
0.205699 -0.611767 -1.378622
2393.952166 932.382177 628.264995
-1.000000 -1.000000 4.000000 -1.000000 -1.000000 2.000000
DSC_0422.JPG
0.999338 -0.017041 -0.032134
0.012189 0.989277 -0.145544
0.034269 0.145056 0.988830
0.354332 -1.028734 -1.980753
2393.952166 932.382177 628.264995
-1.000000 -1.000000 5.000000 -1.000000 -1.000000 3.000000
DSC_0423.JPG
0.999618 -0.019908 0.019146
0.022456 0.989365 -0.143711
-0.016081 0.144086 0.989435
0.364905 -1.417872 -2.653666
2393.952166 932.382177 628.264995
-1.000000 -1.000000 -1.000000 -1.000000 -1.000000 4.000000
DSC_0424.JPG
0.999825 -0.013191 -0.013289
0.011291 0.990909 -0.134058
0.014937 0.133884 0.990884
0.591725 -2.014879 -3.517331
2393.952166 932.382177 628.264995
-1.000000 -1.000000 -1.000000 -1.000000 -1.000000 -1.000000
DSC_0425.JPG
0.999592 -0.022982 -0.016942
0.020522 0.990865 -0.133285
0.019851 0.132883 0.990933
0.878340 -2.999106 -5.121219
2393.952166 932.382177 628.264995
-1.000000 -1.000000 -1.000000 -1.000000 -1.000000 -1.000000
DSC_0426.JPG
0.999704 -0.020448 0.013157
0.022043 0.990552 -0.135358
-0.010265 0.135608 0.990709
0.938672 -3.755977 -6.317640
2393.952166 932.382177 628.264995
-1.000000 -1.000000 -1.000000 -1.000000 -1.000000 -1.000000
DSC_0427.JPG
0.999466 -0.013748 0.029656
0.017249 0.992473 -0.121244
-0.027766 0.121691 0.992180
0.919254 -4.525116 -7.052268
2393.952166 932.382177 628.264995
-1.000000 -1.000000 -1.000000 -1.000000 -1.000000 -1.000000
DSC_0428.JPG
0.998813 -0.041238 0.025905
0.043873 0.992838 -0.111125
-0.021137 0.112130 0.993469
1.283935 -5.382115 -8.142008
2393.952166 932.382177 628.264995
-1.000000 -1.000000 -1.000000 -1.000000 -1.000000 -1.000000
DSC_0429.JPG
0.998745 -0.026332 0.042609
0.030977 0.993191 -0.112306
-0.039362 0.113485 0.992760
1.222839 -6.138942 -9.268639
2393.952166 932.382177 628.264995
-1.000000 -1.000000 -1.000000 -1.000000 -1.000000 -1.000000
DSC_0430.JPG
0.999797 -0.004828 0.019556
0.006879 0.994316 -0.106248
-0.018932 0.106361 0.994147
1.446104 -7.126934 -10.434400
2393.952166 932.382177 628.264995
-1.000000 -1.000000 -1.000000 -1.000000 -1.000000 -1.000000
DSC_0431.JPG
0.999704 -0.022086 0.010202
0.022662 0.997921 -0.060328
-0.008849 0.060542 0.998126
1.928122 -8.661806 -11.381878
2393.952166 932.382177 628.264995
-1.000000 -1.000000 -1.000000 -1.000000 -1.000000 -1.000000
DSC_0432.JPG
0.999546 -0.013901 0.026730
0.014898 0.999188 -0.037443
-0.026187 0.037824 0.998941
1.829388 -9.749246 -12.230472
2393.952166 932.382177 628.264995
-1.000000 -1.000000 -1.000000 -1.000000 -1.000000 -1.000000
DSC_0433.JPG
0.999814 -0.013647 0.013620
0.014359 0.998458 -0.053617
-0.012867 0.053802 0.998469
2.217943 -10.515238 -13.695037
2393.952166 932.382177 628.264995
-1.000000 -1.000000 -1.000000 -1.000000 -1.000000 -1.000000
DSC_0434.JPG
0.999674 -0.023838 -0.009173
0.023499 0.999095 -0.035466
0.010010 0.035239 0.999329
2.854699 -11.644299 -14.580270
2393.952166 932.382177 628.264995
-1.000000 17.000000 -1.000000 -1.000000 -1.000000 -1.000000
DSC_0435.JPG
0.999478 -0.032219 0.002241
0.032294 0.996031 -0.082942
0.000440 0.082971 0.996552
2.809667 -10.962909 -15.176070
2393.952166 932.382177 628.264995
-1.000000 -1.000000 -1.000000 -1.000000 16.000000 -1.000000
DSC_0436.JPG
0.999579 -0.022853 0.017853
0.024264 0.996233 -0.083254
-0.015883 0.083652 0.996368
2.631089 -11.712738 -16.268432
2393.952166 932.382177 628.264995
-1.000000 -1.000000 19.000000 -1.000000 -1.000000 -1.000000
DSC_0437.JPG
0.999924 -0.011829 -0.003401
0.011642 0.998657 -0.050477
0.003993 0.050434 0.998719
2.931434 -12.841312 -16.483093
2393.952166 932.382177 628.264995
-1.000000 -1.000000 -1.000000 -1.000000 -1.000000 18.000000
DSC_0438.JPG
0.999698 -0.022942 -0.008855
0.022378 0.997987 -0.059338
0.010198 0.059122 0.998199
3.427129 -13.559639 -17.850230
2393.952166 932.382177 628.264995
-1.000000 -1.000000 -1.000000 -1.000000 -1.000000 -1.000000
DSC_0439.JPG
0.999277 -0.015255 -0.034821
0.014230 0.999464 -0.029493
0.035252 0.028976 0.998958
4.029847 -15.104503 -18.545725
2393.952166 932.382177 628.264995
-1.000000 -1.000000 -1.000000 -1.000000 -1.000000 -1.000000
DSC_0440.JPG
0.999583 -0.021528 -0.019240
0.020916 0.999287 -0.031448
0.019903 0.031033 0.999320
4.077650 -15.938124 -19.684943
2393.952166 932.382177 628.264995
-1.000000 -1.000000 -1.000000 -1.000000 -1.000000 -1.000000
DSC_0441.JPG
0.999800 0.005302 -0.019301
-0.005757 0.999704 -0.023617
0.019170 0.023724 0.999535
3.837307 -17.120198 -20.632600
2393.952166 932.382177 628.264995
-1.000000 -1.000000 -1.000000 -1.000000 -1.000000 -1.000000
DSC_0442.JPG
0.999910 -0.011014 0.007684
0.011131 0.999821 -0.015308
-0.007514 0.015392 0.999853
3.776293 -18.392078 -21.764398
2393.952166 932.382177 628.264995
-1.000000 -1.000000 -1.000000 -1.000000 -1.000000 -1.000000
DSC_0443.JPG
0.999011 -0.032531 -0.030297
0.031757 0.999166 -0.025661
0.031106 0.024674 0.999211
5.250593 -18.964427 -22.968501
2393.952166 932.382177 628.264995
-1.000000 -1.000000 -1.000000 -1.000000 -1.000000 -1.000000
DSC_0444.JPG
0.998764 -0.031603 -0.038355
0.031436 0.999493 -0.004954
0.038492 0.003742 0.999252
5.702472 -20.653148 -23.715311
2393.952166 932.382177 628.264995
-1.000000 -1.000000 -1.000000 -1.000000 -1.000000 -1.000000
DSC_0445.JPG
0.998491 -0.021221 -0.050656
0.021151 0.999774 -0.001916
0.050686 0.000842 0.998714
6.078223 -21.894387 -24.780538
2393.952166 932.382177 628.264995
-1.000000 -1.000000 -1.000000 -1.000000 -1.000000 -1.000000
DSC_0446.JPG
0.999595 0.000558 0.028457
-0.000648 0.999995 0.003164
-0.028455 -0.003181 0.999590
3.796331 -23.523133 -26.314271
2393.952166 932.382177 628.264995
-1.000000 -1.000000 -1.000000 -1.000000 -1.000000 -1.000000
DSC_0447.JPG
0.999936 -0.010835 -0.003296
0.010882 0.999834 0.014643
0.003137 -0.014678 0.999887
5.092809 -25.041507 -26.940187
2393.952166 932.382177 628.264995
-1.000000 -1.000000 -1.000000 -1.000000 -1.000000 -1.000000
DSC_0448.JPG
0.999852 -0.005685 0.016236
0.005340 0.999761 0.021201
-0.016352 -0.021111 0.999643
4.624941 -26.396887 -28.079830
2393.952166 932.382177 628.264995
-1.000000 -1.000000 -1.000000 -1.000000 -1.000000 -1.000000
DSC_0449.JPG
0.999972 -0.005735 -0.004838
0.006013 0.998209 0.059513
0.004488 -0.059540 0.998216
5.450906 -28.723265 -28.063223
2393.952166 932.382177 628.264995
-1.000000 -1.000000 -1.000000 -1.000000 -1.000000 -1.000000
DSC_0450.JPG
0.999434 0.014973 -0.030126
-0.013525 0.998769 0.047725
0.030803 -0.047291 0.998406
5.858664 -29.775084 -29.445313
2393.952166 932.382177 628.264995
-1.000000 -1.000000 -1.000000 -1.000000 -1.000000 -1.000000
DSC_0451.JPG
0.999564 0.003655 -0.029313
-0.001883 0.998182 0.060236
0.029480 -0.060154 0.997754
6.408951 -31.566074 -30.311984
2393.952166 932.382177 628.264995
-1.000000 -1.000000 -1.000000 -1.000000 -1.000000 -1.000000
DSC_0452.JPG
0.999883 0.007257 -0.013456
-0.006274 0.997410 0.071656
0.013941 -0.071563 0.997339
6.042334 -33.384494 -31.309629
2393.952166 932.382177 628.264995
-1.000000 -1.000000 -1.000000 -1.000000 -1.000000 -1.000000
DSC_0453.JPG
0.999913 0.002874 -0.012870
-0.001851 0.996885 0.078844
0.013056 -0.078814 0.996804
6.356726 -34.912519 -32.085702
2393.952166 932.382177 628.264995
-1.000000 -1.000000 -1.000000 -1.000000 -1.000000 -1.000000
DSC_0454.JPG
0.999749 0.011809 -0.019063
-0.010309 0.996979 0.076989
0.019915 -0.076773 0.996850
6.469704 -36.229087 -33.102063
2393.952166 932.382177 628.264995
-1.000000 -1.000000 -1.000000 -1.000000 -1.000000 -1.000000
DSC_0455.JPG
0.999616 -0.000923 -0.027699
0.003641 0.995156 0.098238
0.027474 -0.098301 0.994777
7.417545 -38.229017 -33.154497
2393.952166 932.382177 628.264995
-1.000000 -1.000000 -1.000000 -1.000000 -1.000000 -1.000000
DSC_0456.JPG
0.999939 0.008089 -0.007470
-0.007259 0.994427 0.105180
0.008279 -0.105119 0.994425
6.513201 -39.954891 -33.812351
2393.952166 932.382177 628.264995
-1.000000 -1.000000 -1.000000 -1.000000 -1.000000 -1.000000
DSC_0457.JPG
0.999863 0.013607 -0.009459
-0.012340 0.992314 0.123126
0.011062 -0.122993 0.992346
6.556672 -42.082535 -33.934394
2393.952166 932.382177 628.264995
-1.000000 -1.000000 -1.000000 -1.000000 -1.000000 -1.000000
DSC_0458.JPG
0.999644 0.026148 0.005290
-0.026625 0.990293 0.136425
-0.001672 -0.136517 0.990636
5.685790 -44.376809 -34.491957
2393.952166 932.382177 628.264995
-1.000000 -1.000000 -1.000000 -1.000000 -1.000000 -1.000000
DSC_0459.JPG
0.999843 0.015984 0.007650
-0.016855 0.991095 0.132083
-0.005471 -0.132191 0.991209
6.201248 -45.440647 -35.958783
2393.952166 932.382177 628.264995
-1.000000 -1.000000 -1.000000 -1.000000 -1.000000 -1.000000
DSC_0460.JPG
0.998670 0.048332 -0.017928
-0.044578 0.984346 0.170515
0.025888 -0.169489 0.985192
6.155365 -48.661550 -35.165868
2393.952166 932.382177 628.264995
-1.000000 -1.000000 -1.000000 -1.000000 -1.000000 -1.000000
DSC_0461.JPG
0.999392 0.021715 -0.027269
-0.016632 0.984522 0.174468
0.030635 -0.173908 0.984285
7.905340 -50.018652 -35.948153
2393.952166 932.382177 628.264995
-1.000000 -1.000000 -1.000000 -1.000000 -1.000000 -1.000000
DSC_0462.JPG
0.998414 0.034108 -0.044788
-0.025145 0.981984 0.187285
0.050369 -0.185862 0.981284
8.292568 -51.764961 -35.980415
2393.952166 932.382177 628.264995
-1.000000 -1.000000 -1.000000 -1.000000 -1.000000 -1.000000
DSC_0463.JPG
0.997924 0.031338 -0.056258
-0.020698 0.983337 0.180612
0.060980 -0.179073 0.981944
9.089718 -52.742444 -37.131937
2393.952166 932.382177 628.264995
-1.000000 -1.000000 -1.000000 -1.000000 -1.000000 -1.000000
DSC_0464.JPG
0.997765 0.052911 -0.040805
-0.043882 0.979422 0.196996
0.050388 -0.194765 0.979555
7.622856 -55.192564 -37.324338
2393.952166 932.382177 628.264995
-1.000000 -1.000000 -1.000000 -1.000000 -1.000000 -1.000000
DSC_0465.JPG
0.996296 0.074235 -0.043402
-0.061729 0.968800 0.240035
0.059867 -0.236467 0.969793
6.908066 -58.574567 -35.713250
2393.952166 932.382177 628.264995
-1.000000 -1.000000 -1.000000 -1.000000 -1.000000 -1.000000
DSC_0466.JPG
0.996430 0.051783 -0.066671
-0.033442 0.967283 0.251485
0.077512 -0.248358 0.965562
9.337555 -60.431985 -35.711769
2393.952166 932.382177 628.264995
-1.000000 -1.000000 -1.000000 -1.000000 -1.000000 -1.000000
DSC_0467.JPG
0.996446 0.071271 -0.044900
-0.058800 0.970192 0.235094
0.060317 -0.231618 0.970935
7.408450 -61.655016 -37.708191
2393.952166 932.382177 628.264995
-1.000000 -1.000000 -1.000000 -1.000000 -1.000000 -1.000000
DSC_0468.JPG
0.995280 0.071143 -0.065995
-0.050170 0.959384 0.277607
0.083065 -0.272986 0.958425
8.705747 -64.554099 -35.617570
2393.952166 932.382177 628.264995
-1.000000 -1.000000 -1.000000 -1.000000 -1.000000 -1.000000
DSC_0469.JPG
0.990036 0.099676 -0.099470
-0.065178 0.950516 0.303761
0.124826 -0.294251 0.947542
9.123358 -67.206198 -34.312370
2393.952166 932.382177 628.264995
-1.000000 -1.000000 -1.000000 -1.000000 -1.000000 -1.000000
DSC_0470.JPG
0.995277 0.076124 -0.060243
-0.056099 0.957465 0.283043
0.079227 -0.278327 0.957213
8.457582 -68.007780 -36.772565
2393.952166 932.382177 628.264995
-1.000000 -1.000000 -1.000000 -1.000000 -1.000000 -1.000000
DSC_0471.JPG
0.993677 0.091025 -0.065729
-0.067235 0.951274 0.300927
0.089918 -0.294605 0.951379
8.112193 -70.350427 -36.240216
2393.952166 932.382177 628.264995
-1.000000 -1.000000 -1.000000 -1.000000 -1.000000 -1.000000
DSC_0472.JPG
0.993358 0.092290 -0.068714
-0.064625 0.941612 0.330439
0.095198 -0.323803 0.941323
8.365390 -73.094529 -34.686397
2393.952166 932.382177 628.264995
-1.000000 -1.000000 -1.000000 -1.000000 -1.000000 -1.000000
DSC_0473.JPG
0.994160 0.073450 -0.079059
-0.045753 0.950403 0.307638
0.097734 -0.302225 0.948213
10.225840 -73.539552 -36.985993
2393.952166 932.382177 628.264995
-1.000000 -1.000000 -1.000000 -1.000000 -1.000000 -1.000000
DSC_0474.JPG
0.991030 0.108092 -0.078586
-0.078127 0.945696 0.315524
0.108424 -0.306554 0.945658
8.262442 -75.683381 -37.070099
2393.952166 932.382177 628.264995
-1.000000 -1.000000 -1.000000 -1.000000 -1.000000 -1.000000
DSC_0475.JPG
0.993349 0.099233 -0.058394
-0.076977 0.949517 0.304125
0.085626 -0.297607 0.950841
7.729485 -76.801778 -38.860364
2393.952166 932.382177 628.264995
-1.000000 -1.000000 -1.000000 -1.000000 -1.000000 -1.000000
DSC_0476.JPG
0.992998 0.097379 -0.066875
-0.070399 0.942413 0.326959
0.094863 -0.319962 0.942669
8.495371 -78.881579 -37.487462
2393.952166 932.382177 628.264995
-1.000000 -1.000000 -1.000000 -1.000000 -1.000000 -1.000000
DSC_0477.JPG
0.991810 0.107253 -0.069351
-0.076991 0.935295 0.345392
0.101908 -0.337224 0.935892
8.129390 -81.107168 -36.485244
2393.952166 932.382177 628.264995
-1.000000 -1.000000 -1.000000 -1.000000 -1.000000 -1.000000
DSC_0478.JPG
0.994283 0.096297 -0.046125
-0.071540 0.921505 0.381721
0.079263 -0.376239 0.923126
7.536189 -83.841984 -34.184763
2393.952166 932.382177 628.264995
-1.000000 -1.000000 -1.000000 -1.000000 -1.000000 -1.000000
DSC_0479.JPG
0.987285 0.138693 -0.077674
-0.089059 0.887343 0.452428
0.131672 -0.439758 0.888412
6.853902 -87.447276 -27.915026
2393.952166 932.382177 628.264995
-1.000000 62.000000 -1.000000 -1.000000 -1.000000 -1.000000
DSC_0480.JPG
0.987395 0.147288 -0.057941
-0.100505 0.866273 0.489357
0.122269 -0.477365 0.870157
5.092090 -89.522435 -24.708746
2393.952166 932.382177 628.264995
-1.000000 -1.000000 -1.000000 -1.000000 61.000000 -1.000000
DSC_0481.JPG
0.986488 0.150227 -0.065378
-0.102100 0.875779 0.471790
0.128132 -0.458740 0.879284
5.733033 -95.084283 -28.105164
2393.952166 932.382177 628.264995
-1.000000 -1.000000 -1.000000 -1.000000 -1.000000 -1.000000
DSC_0482.JPG
0.987300 0.151595 -0.047520
-0.108706 0.862761 0.493789
0.115855 -0.482352 0.868283
4.305502 -97.654106 -25.629564
2393.952166 932.382177 628.264995
-1.000000 -1.000000 -1.000000 -1.000000 -1.000000 -1.000000
DSC_0483.JPG
0.986522 0.159360 -0.037126
-0.119782 0.857912 0.499639
0.111473 -0.488458 0.865438
2.977178 -99.939702 -25.107137
2393.952166 932.382177 628.264995
-1.000000 -1.000000 -1.000000 -1.000000 -1.000000 -1.000000
DSC_0484.JPG
0.983376 0.164676 -0.076514
-0.098528 0.837847 0.536940
0.152528 -0.520475 0.840143
5.243831 -102.959896 -20.339005
2393.952166 932.382177 628.264995
-1.000000 -1.000000 -1.000000 -1.000000 -1.000000 -1.000000
DSC_0485.JPG
0.986079 0.156208 -0.056988
-0.097328 0.820108 0.563870
0.134817 -0.550474 0.823895
4.512363 -106.067505 -17.080988
2393.952166 932.382177 628.264995
-1.000000 -1.000000 -1.000000 -1.000000 -1.000000 -1.000000
DSC_0486.JPG
0.985821 0.160069 -0.050348
-0.101402 0.807346 0.581300
0.133697 -0.567953 0.812130
3.854875 -108.744903 -15.192033
2393.952166 932.382177 628.264995
-1.000000 -1.000000 -1.000000 -1.000000 -1.000000 -1.000000
DSC_0487.JPG
0.983776 0.174514 -0.041601
-0.112367 0.780145 0.615425
0.139855 -0.600765 0.787097
2.011720 -111.478648 -10.660452
2393.952166 932.382177 628.264995
-1.000000 -1.000000 -1.000000 -1.000000 -1.000000 -1.000000
DSC_0488.JPG
0.982316 0.180201 -0.050822
-0.110709 0.777938 0.618511
0.150992 -0.601947 0.784131
2.280913 -113.108621 -10.318004
2393.952166 932.382177 628.264995
-1.000000 -1.000000 -1.000000 -1.000000 -1.000000 -1.000000
DSC_0489.JPG
0.983231 0.171023 -0.063312
-0.091769 0.764015 0.638639
0.157594 -0.622119 0.766898
4.188642 -115.859953 -7.406432
2393.952166 932.382177 628.264995
-1.000000 -1.000000 -1.000000 -1.000000 -1.000000 -1.000000
DSC_0490.JPG
0.984843 0.169419 -0.037158
-0.099207 0.725959 0.680545
0.142273 -0.666544 0.731764
2.424887 -118.650833 -1.047748
2393.952166 932.382177 628.264995
-1.000000 -1.000000 -1.000000 -1.000000 -1.000000 -1.000000
DSC_0491.JPG
0.985216 0.167592 -0.035537
-0.097684 0.719953 0.687114
0.140740 -0.673484 0.725680
3.004476 -120.674444 -1.479885
2393.952166 932.382177 628.264995
-1.000000 -1.000000 -1.000000 -1.000000 -1.000000 -1.000000
DSC_0492.JPG
0.979200 0.201577 -0.023118
-0.124737 0.687931 0.714976
0.160026 -0.697221 0.698766
-1.268511 -123.240911 3.558745
2393.952166 932.382177 628.264995
-1.000000 -1.000000 -1.000000 -1.000000 -1.000000 -1.000000
DSC_0493.JPG
0.977844 0.207920 -0.024297
-0.126412 0.679022 0.723152
0.166856 -0.704059 0.690261
-1.786367 -125.569283 5.067938
2393.952166 932.382177 628.264995
-1.000000 -1.000000 -1.000000 -1.000000 -1.000000 -1.000000
DSC_0494.JPG
0.970228 0.240588 -0.027843
-0.135981 0.636262 0.759394
0.200416 -0.732999 0.650035
-4.712970 -127.282151 12.110098
2393.952166 932.382177 628.264995
-1.000000 -1.000000 -1.000000 -1.000000 -1.000000 -1.000000
DSC_0495.JPG
0.971525 0.235535 -0.025727
-0.127468 0.611107 0.781217
0.199725 -0.755693 0.623729
-4.683991 -129.017374 17.410128
2393.952166 932.382177 628.264995
-1.000000 -1.000000 -1.000000 -1.000000 -1.000000 -1.000000
DSC_0496.JPG
0.972669 0.231591 0.016735
-0.153277 0.586274 0.795481
0.174415 -0.776304 0.605748
-8.348404 -130.701761 21.462608
2393.952166 932.382177 628.264995
-1.000000 -1.000000 -1.000000 -1.000000 -1.000000 -1.000000
DSC_0497.JPG
0.971035 0.238012 0.021013
-0.158431 0.575535 0.802284
0.178859 -0.782375 0.596573
-9.719728 -132.762074 24.050526
2393.952166 932.382177 628.264995
-1.000000 -1.000000 -1.000000 -1.000000 -1.000000 -1.000000
DSC_0498.JPG
0.968615 0.247762 0.019960
-0.159283 0.557047 0.815063
0.190823 -0.792662 0.579028
-11.007391 -134.233905 27.766601
2393.952166 932.382177 628.264995
-1.000000 -1.000000 -1.000000 -1.000000 -1.000000 -1.000000
DSC_0499.JPG
0.977265 0.211060 0.020179
-0.131368 0.528056 0.838987
0.166421 -0.822563 0.543777
-7.214909 -135.603946 33.926768
2393.952166 932.382177 628.264995
-1.000000 -1.000000 -1.000000 -1.000000 -1.000000 -1.000000
DSC_0500.JPG
0.977935 0.204366 0.043324
-0.131729 0.442281 0.887150
0.162142 -0.873282 0.459443
-8.670712 -132.619877 47.070337
2393.952166 932.382177 628.264995
-1.000000 -1.000000 -1.000000 -1.000000 -1.000000 -1.000000
DSC_0501.JPG
0.968102 0.248746 0.030069
-0.156659 0.507265 0.847432
0.195542 -0.825111 0.530052
-12.348075 -142.289357 35.906764
2393.952166 932.382177 628.264995
-1.000000 -1.000000 -1.000000 -1.000000 -1.000000 -1.000000
DSC_0502.JPG
0.972647 0.224691 0.058925
-0.152989 0.428760 0.890370
0.174793 -0.875031 0.451407
-12.580957 -139.924800 48.954095
2393.952166 932.382177 628.264995
-1.000000 -1.000000 -1.000000 -1.000000 -1.000000 -1.000000
DSC_0503.JPG
0.965151 0.256358 0.052572
-0.155923 0.402000 0.902266
0.210169 -0.879020 0.427963
-15.939259 -139.835273 54.022145
2393.952166 932.382177 628.264995
-1.000000 -1.000000 -1.000000 -1.000000 -1.000000 -1.000000

10299
1.640151 34.188794 150.777647
155 136 111
-14.050638 42.231334 133.077027
146 140 133
-6.729368 41.000826 133.614791
30 25 22
-6.188580 37.696376 130.151870
24 20 19
-7.579069 45.412298 139.372707
30 27 27
-17.539171 42.966876 132.813694
50 40 33
-17.559681 42.958889 132.818572
46 37 31
9.497870 32.698217 147.572440
49 58 61
9.821612 29.045445 143.835747
46 56 61
-9.705591 48.096162 146.454001
94 85 77
31.029663 25.024123 156.103547
148 105 50
8.738910 30.377638 144.370920
162 149 133
28.045725 22.754249 154.108487
231 223 206
4.006911 28.584393 140.208794
48 43 40
-15.847783 47.669790 143.235910
122 122 123
-15.856572 47.631868 143.358330
125 124 124
-18.027189 45.405806 137.340465
33 29 26
-17.900917 43.749898 133.491048
155 139 120
4.820923 34.860836 146.955304
46 38 33
13.952355 32.458287 149.192117
75 81 88
24.220607 26.641182 156.619303
64 53 47
10.320627 32.013857 146.593058
135 128 118
3.691193 32.269580 142.917140
65 60 54
4.868480 31.439408 142.894289
93 80 66
4.869753 31.436165 142.898442
99 83 67
28.250200 24.989738 155.278861
226 197 125
13.657317 30.252634 145.788745
206 192 147
13.631666 30.273637 145.747174
207 193 149
10.771370 30.033200 144.611257
143 132 119
28.687511 23.780473 155.059158
43 31 24
-6.535185 36.963018 129.171327
163 154 139
-6.009333 35.696144 129.613487
20 17 17
10.778718 25.719750 142.541578
177 160 140
5.517479 26.716055 139.130907
123 96 73
5.517479 26.716055 139.130907
123 96 73
-15.215500 48.101268 143.946108
37 39 39
-8.327507 45.988641 139.530708
126 121 115
3.205389 34.673031 147.502782
46 37 30
15.691245 32.042144 149.220876
190 180 144
7.017480 31.940557 144.035650
63 59 55
11.425304 30.889402 144.881602
62 50 41
16.260971 28.343913 145.501920
212 193 146
13.649071 28.560449 144.690647
192 170 117
14.633193 27.874575 144.795948
74 72 76
13.904234 27.151774 144.333888
245 222 170
13.813869 25.701576 143.617114
255 242 195
4.583778 26.985884 139.176859
45 39 35
13.946794 22.200032 144.076882
245 223 170
-9.871910 46.644260 144.219658
121 120 118
3.071079 33.924314 146.200323
122 112 100
13.042277 32.152641 147.653392
191 179 141
23.759834 26.412915 154.905610
195 184 137
12.253262 31.227293 145.696826
152 149 141
12.823933 29.966495 145.274477
70 67 72
18.261919 27.622399 146.979358
206 192 153
12.965564 28.286888 144.185094
83 76 77
7.506376 28.193182 141.081863
63 58 52
12.553452 26.733278 143.029851
169 163 150
17.161051 24.610169 145.180349
162 148 137
11.244805 23.012904 142.853497
178 156 125
-6.277175 45.846315 139.588340
139 132 123
-14.814970 44.309894 134.084920
150 150 151
4.395541 36.084126 146.741989
159 148 134
6.624353 34.156961 147.400911
87 82 79
16.577909 32.084493 150.345052
74 74 85
12.316606 32.813108 148.265334
82 85 89
12.988899 32.613002 148.484730
156 139 104
3.222814 31.376231 142.712413
157 146 132
3.222814 31.376231 142.712413
157 146 132
3.740563 30.689635 142.458208
77 71 65
13.400961 29.780998 145.387031
193 178 134
30.111288 23.304655 155.420744
246 232 178
24.055696 23.161061 153.185328
179 152 84
31.593566 21.792457 155.496817
204 226 248
11.666946 27.959461 143.344733
54 43 38
16.745222 26.132275 145.194766
159 140 112
-4.564775 35.640569 129.770738
122 105 86
17.913767 24.217973 145.599582
232 207 151
13.124262 24.424044 143.323050
109 95 84
16.278559 23.547651 144.658577
254 234 183
-10.182058 47.574698 145.220116
112 108 102
-15.421728 46.134707 137.524414
135 135 136
-19.832654 39.069850 133.400937
46 33 24
18.805193 28.046213 147.173388
24 16 16
15.041778 28.728708 145.308337
183 163 106
11.199679 28.039694 143.462501
158 147 133
4.886496 22.727002 140.526357
101 86 70
-15.010329 48.971097 143.712741
132 129 119
-10.135975 47.074796 144.545995
93 87 80
13.102501 34.020758 155.928508
42 43 45
-4.726882 43.765655 135.309293
135 129 119
4.776203 35.810394 146.993379
90 73 57
17.908708 32.380106 154.537500
204 214 218
3.753303 35.008478 147.275442
109 90 70
24.252725 27.057887 155.692823
24 23 26
23.689033 26.025188 153.866712
172 161 111
23.687083 26.023872 153.868077
172 161 112
7.320265 31.164949 143.245739
51 42 37
23.790440 24.861257 153.074887
200 180 122
23.790314 24.863704 153.070925
202 182 125
-3.785373 38.101709 129.916714
128 121 112
3.450700 29.107682 141.479990
78 65 52
12.558025 24.435238 143.091448
142 134 123
-5.093257 34.785158 128.870674
158 144 130
17.380118 22.822173 145.460757
97 84 80
16.475803 22.622501 145.003106
123 119 99
3.557829 22.192597 140.425736
130 113 96
-8.295915 49.222585 147.473148
125 126 123
-9.212363 48.933599 146.032731
60 54 46
-8.729863 46.427273 143.660091
84 77 68
-15.149193 45.874744 137.673208
64 62 59
-5.472542 46.141459 139.236345
116 108 97
-19.511456 44.882886 137.457274
59 52 42
-11.582829 44.488956 138.730200
123 117 112
-5.251109 44.818742 137.956376
104 97 87
-5.192032 44.498038 137.645253
101 95 86
-24.305028 44.261377 131.863121
108 100 91
-5.768215 43.897690 135.984194
138 129 116
-4.701008 43.449239 134.963243
115 108 99
8.501270 34.156405 149.186252
161 148 132
7.622016 34.193437 148.982734
155 146 133
8.904897 34.158527 149.227902
155 145 133
9.048175 32.918040 148.251741
24 32 38
-3.563886 40.966217 133.240896
39 34 28
24.205837 26.736031 154.913205
27 19 11
-4.158737 40.082174 131.803566
112 104 92
-4.089731 39.728006 131.463219
118 110 99
-3.655542 39.185676 131.765041
127 117 106
-3.968659 39.036405 130.818154
122 114 104
6.196260 30.741977 141.786633
48 40 32
-3.843292 38.408887 130.236155
108 102 95
20.029656 26.979044 148.211849
195 178 132
31.901057 22.266136 155.501439
163 120 56
31.901445 22.264544 155.508325
164 122 58
4.474300 28.962467 141.412491
41 35 31
10.809282 27.862086 143.365774
156 145 132
9.478151 27.509667 142.866186
150 142 131
4.547610 28.423860 139.441409
37 31 28
-4.531045 35.363963 129.568791
90 80 68
-3.710922 35.664908 129.308698
110 94 79
6.370741 28.006483 139.039945
36 32 30
14.341188 22.790626 144.045016
117 95 88
11.559398 23.345641 142.812725
196 177 151
4.621957 23.760080 140.524614
47 35 27
12.570015 22.023649 143.166863
163 155 144
-3.441208 34.040701 127.782645
118 105 92
13.588509 20.605062 144.025474
254 244 202
-3.335300 33.401277 127.140031
110 98 86
-15.651252 45.883037 137.418198
75 77 76
4.187816 36.659332 153.072770
62 56 49
2.234538 36.339929 152.992264
74 72 70
-24.149910 43.272900 130.910891
89 88 87
-24.148093 43.280471 130.903477
91 89 87
5.052518 35.951031 146.616301
48 37 28
-24.627975 38.835298 132.586943
18 21 27
18.594197 30.984188 150.069598
138 93 41
16.218961 31.591685 148.675539
198 187 141
-3.910060 40.409984 132.576960
129 126 120
29.649090 25.132955 155.179192
86 42 14
40.088291 23.614342 158.625821
144 107 71
4.443432 29.745322 141.912009
32 28 26
23.862353 22.878015 153.326816
250 236 178
24.511776 23.178816 152.910242
111 46 8
10.779929 28.103464 143.412218
112 102 91
2.541748 28.735215 141.260469
103 92 80
10.368828 27.885783 143.235623
167 158 145
9.613613 27.318540 142.778717
98 91 84
10.314914 27.033279 142.347229
173 164 149
4.788952 27.804820 139.109368
124 106 90
4.788192 27.801762 139.111967
120 103 88
11.873114 25.511981 142.778640
74 51 34
15.258015 23.932587 144.227893
251 226 172
6.436244 26.441419 138.741790
30 26 22
6.160776 24.589044 140.120777
63 41 26
3.571552 22.521327 140.530718
61 46 34
9.229076 30.861210 145.240160
164 147 121
30.610561 22.424595 155.283998
112 72 31
14.049070 33.029012 150.277362
204 197 164
13.591612 31.073690 146.211137
124 105 89
31.703603 22.547003 156.149375
202 224 246
4.805291 29.051773 141.484797
90 82 70
9.601051 28.056289 143.260990
166 158 146
4.288497 27.375334 139.250832
140 119 94
-4.793175 43.263739 134.864803
43 36 30
10.713614 34.005191 149.451261
47 40 36
10.732431 31.724533 145.368582
149 142 131
29.475731 25.505216 155.030291
254 249 198
-4.763507 38.703558 131.046090
106 92 80
-3.596099 35.036631 128.656683
117 104 91
-3.504396 34.388661 128.065955
117 104 90
6.087098 22.656261 140.126844
49 37 29
-5.711862 43.577528 135.681972
150 139 126
-5.713786 43.582742 135.671111
154 143 129
5.033261 35.485770 146.761641
53 42 33
5.635855 34.114318 145.132312
70 61 45
11.266273 32.168118 146.267912
52 41 31
16.295284 26.295189 144.901102
239 218 165
6.283243 22.265777 139.291296
46 37 29
27.439321 26.695549 157.541834
207 228 249
28.650370 23.826324 154.988607
50 32 23
14.925249 24.598813 144.095575
102 89 76
-7.582285 43.575127 135.597067
156 139 119
6.502909 32.652620 145.052690
145 142 133
-23.851533 48.223087 142.125190
72 64 56
-20.719643 48.248046 142.720363
79 70 61
-16.452753 48.157009 143.641498
33 32 32
2.196865 33.336767 144.980448
106 96 82
9.558559 26.939338 141.549298
71 63 53
23.185097 25.959757 153.501961
104 69 25
29.173091 23.027167 154.902640
199 170 96
24.580605 22.343199 153.295201
62 44 27
3.569583 36.548851 153.422415
63 58 55
10.499676 27.178843 142.750383
130 120 106
13.717875 16.701605 146.436923
87 80 72
13.717875 16.701605 146.436923
87 80 72
-14.990370 46.058309 137.731674
134 130 125
14.768803 32.335091 149.095662
111 107 99
13.803409 32.060423 148.101656
90 97 105
13.331098 29.240241 144.958998
204 193 156
-3.430134 33.248245 126.914702
42 32 24
13.554912 31.377419 146.054466
46 40 38
14.083539 29.848317 145.714772
68 50 42
16.430939 24.632445 144.798729
247 226 166
12.711033 16.543348 146.042797
231 238 241
11.491498 32.126603 146.125508
66 60 51
5.277297 23.967003 140.441786
109 81 53
14.847175 32.448193 149.670761
107 107 109
14.219914 31.404347 146.869739
196 189 149
7.250543 26.670161 139.374267
191 182 171
-16.601221 42.806362 132.566551
116 102 88
9.263116 34.342622 150.452610
130 129 125
14.399348 28.658080 145.184450
100 98 95
4.881510 23.500769 140.353243
115 94 70
18.954936 23.906712 146.096945
28 11 6
4.593719 22.128263 140.087754
44 36 33
-5.135161 45.395952 138.386237
78 67 53
12.029682 31.998020 145.967828
118 121 121
31.835052 24.978049 155.578712
137 95 32
33.270857 23.908625 156.741918
254 233 170
-3.538025 34.701795 128.396385
120 106 91
-10.543963 43.959541 138.452204
53 46 42
3.412906 35.270868 146.995167
40 31 27
3.412906 35.270868 146.995167
40 31 27
7.333357 34.418248 148.915148
97 86 76
-13.790812 39.518291 134.789941
63 53 40
4.123167 31.865199 142.952294
121 112 99
16.983200 26.233032 145.260777
239 218 166
-5.413788 35.132131 128.974656
84 65 44
10.970001 23.282077 142.728808
169 155 130
11.617896 22.248249 142.758317
161 136 107
-14.038284 42.279831 132.907464
149 139 126
10.857418 27.779189 143.687370
169 157 137
4.544178 27.064805 139.010452
44 35 29
13.734398 21.429103 143.770376
108 92 73
14.056095 33.026695 150.285315
212 202 164
6.280598 26.905893 138.990240
60 48 40
-21.979379 48.211476 142.524484
75 64 55
-14.482551 42.263203 132.027695
149 147 144
-24.639293 40.164143 132.029047
56 47 39
5.157581 27.287134 139.073389
147 126 98
13.132860 23.055806 143.408887
112 90 83
14.409928 16.681116 146.573031
57 50 46
14.409928 16.681116 146.573031
57 50 46
-14.712342 46.823884 143.523331
139 139 138
4.833938 36.300253 146.863854
75 60 47
12.671728 33.119413 150.051901
198 183 139
3.682559 33.919740 145.972206
45 39 36
-4.714065 44.410990 138.430217
115 113 107
-5.617117 43.740286 135.803856
108 94 81
12.992991 33.526673 156.320735
222 230 241
14.135419 30.790267 146.289464
82 81 81
4.223220 29.663999 141.760521
109 93 77
11.842986 22.390584 142.950375
68 47 30
12.553002 21.338079 143.029150
196 181 158
-5.297234 44.316689 137.544544
44 34 29
11.086245 34.262907 155.751402
182 201 209
5.221941 34.323019 145.712160
42 37 32
24.384658 26.248179 154.157562
58 54 36
25.208835 21.312382 153.859582
160 136 97
6.429300 22.771577 140.024181
79 61 42
4.663468 12.246766 147.334880
73 49 29
-22.518465 44.814620 135.332995
69 62 55
-16.816431 46.882635 138.291946
69 54 40
8.061655 33.700268 148.475926
151 136 118
9.795847 33.520136 148.503419
140 131 120
3.511901 27.976273 139.108832
201 182 158
6.034929 22.515215 140.478381
43 33 27
-16.125304 40.259875 129.894547
107 90 74
14.729394 30.962373 146.484531
89 87 84
17.939521 25.380431 145.808326
227 208 163
11.235331 29.015147 143.831819
142 127 111
5.102245 27.081499 138.767130
188 166 137
2.869546 34.267554 146.734065
83 74 62
13.047149 27.780573 143.961238
92 86 86
11.618735 26.490292 142.734976
155 135 111
10.292185 22.140214 142.578765
191 172 147
-25.181864 48.289312 141.925027
74 66 58
-12.406921 44.214570 138.408211
80 69 58
18.061996 31.284003 150.080606
31 14 5
30.629799 25.087793 155.424951
140 86 36
5.425622 22.012074 138.929601
100 85 67
3.793657 33.652259 145.495693
33 27 23
2.973320 32.827485 144.097173
50 41 34
11.016638 28.231692 143.538502
114 104 95
-3.644321 35.363783 128.986484
115 101 86
4.410486 24.099965 140.494773
103 78 52
7.320991 35.089136 148.595133
154 143 124
4.363093 35.069522 147.250284
110 92 74
40.387082 23.372280 158.778283
255 255 221
24.000879 23.417353 153.028885
255 254 212
13.521719 24.793839 143.625731
231 212 165
10.474084 25.060113 142.604784
216 196 167
4.629883 26.478838 138.766192
54 35 17
-25.964283 47.257661 138.613684
39 47 61
5.504690 28.058203 139.502669
93 70 47
11.907820 26.134713 142.634511
53 35 22
5.259917 24.060014 140.273046
116 87 56
-7.520424 46.284783 139.712936
36 33 31
-14.039351 43.896589 134.506883
153 146 138
8.104570 27.253860 140.084986
71 62 53
13.808418 26.642883 143.606527
87 77 64
11.858808 21.887203 142.607954
54 41 32
9.653497 22.864791 142.550257
194 178 154
-15.184228 47.112782 143.281199
66 66 64
-13.397411 43.628367 133.787809
49 48 45
11.956461 34.015630 155.851543
46 48 50
3.182330 33.063290 144.462308
103 91 75
11.157567 30.108815 144.718726
155 145 130
17.661936 22.223060 145.694310
245 225 182
-5.337777 38.125596 130.209990
174 160 142
12.520393 24.505804 142.951326
140 130 116
10.739107 18.964840 144.354070
40 35 31
-10.678993 46.697564 144.210072
143 134 122
-5.136420 45.398105 138.369714
77 65 49
13.756183 24.545780 143.648014
206 169 115
3.703736 32.813171 144.106214
54 47 40
10.895636 31.907915 145.497803
73 62 52
34.848674 23.878666 157.327492
237 218 166
12.028320 28.099447 143.305167
81 79 69
6.720624 27.939079 138.877290
108 87 65
15.418767 22.824137 144.396433
173 170 163
10.979463 17.580296 145.059426
125 99 73
4.150058 35.947835 146.880309
128 108 85
7.368627 28.875751 141.795463
34 30 28
-5.191947 41.142354 133.264373
141 124 108
7.546756 23.045896 141.115840
95 77 60
34.644081 24.132987 157.391802
128 139 117
19.662252 27.847945 147.956746
166 117 55
-15.505446 43.953670 133.407219
59 43 30
-14.331191 43.598840 133.200671
110 102 95
-6.466240 45.145902 139.228917
141 128 113
10.413615 33.229221 148.633276
100 86 70
13.758562 24.950193 143.770224
231 201 141
-16.239303 46.298618 137.112317
60 45 33
30.740009 25.464847 156.962124
119 86 48
-4.251041 39.893553 131.633860
48 35 25
-3.403726 37.609394 129.600274
40 34 29
-3.403726 37.609394 129.600274
40 34 29
3.402510 29.630199 141.747294
80 60 43
5.101741 36.418331 146.588118
46 38 32
6.207687 22.405027 139.828201
51 35 24
11.211466 33.096461 150.852845
78 64 54
30.669346 23.187751 158.736062
218 195 130
16.484268 26.285406 145.255733
237 216 158
-24.964896 46.401038 135.840093
144 135 123
-6.805001 47.074730 139.930970
225 228 234
-5.440505 45.933616 140.376534
129 117 103
-6.458449 39.686611 130.726308
39 28 22
-15.927233 44.914301 132.954577
81 64 48
-4.797442 36.709473 129.531441
176 152 117
10.276095 24.098709 142.370775
76 78 72
10.241890 24.077198 142.405558
66 67 62
-9.400782 46.360669 141.427268
69 55 47
-18.693139 46.031518 138.086025
154 141 127
-18.693139 46.031518 138.086025
154 141 127
-16.596798 43.735265 133.100355
138 124 108
4.126750 35.975036 146.776904
127 107 81
4.126750 35.975036 146.776904
127 107 81
8.411765 31.934220 146.228645
156 149 137
5.341913 21.532834 138.633331
132 99 64
-19.716902 48.856565 143.011807
151 142 132
-12.804759 43.679175 134.347048
161 148 125
-4.179141 42.156514 134.318898
149 136 119
-22.857184 39.016524 129.109203
82 67 37
4.329042 34.005397 146.120653
86 71 57
13.022588 33.026942 149.907754
185 160 112
6.527479 32.641739 145.085403
154 152 146
13.647350 28.561332 144.687117
189 166 111
9.167232 25.792428 141.645680
200 182 159
9.600273 21.184664 142.461498
87 77 67
9.635155 21.115539 142.614693
122 112 100
10.622470 20.403262 143.006137
175 148 114
5.402590 20.241347 139.501933
132 96 56
11.412951 16.515399 145.741806
133 98 70
-8.222120 48.848454 147.633564
86 78 72
-22.175780 47.651372 142.397916
109 99 84
-12.013601 47.416055 144.622740
131 127 122
-13.175874 40.693485 133.789745
137 129 118
-4.008393 40.836618 132.872604
125 118 107
6.309777 36.566325 148.716659
50 47 45
9.761007 34.589937 155.396639
55 52 50
-20.504802 38.550745 132.666160
129 97 49
6.829407 34.444532 149.058500
93 83 73
13.624601 31.024092 146.370796
81 56 38
20.737827 27.804148 150.322615
191 189 181
8.203155 28.291334 142.146590
153 141 126
24.166456 23.065495 153.474071
126 101 46
15.146924 26.454407 144.166281
53 41 31
6.686232 24.904615 139.851501
197 185 163
6.776612 24.702547 140.266306
197 186 164
5.992319 24.547202 140.195119
67 44 27
7.106394 22.577673 141.003426
163 156 144
13.342010 16.660337 146.409708
103 90 78
-18.501553 56.808748 95.838633
41 55 21
-15.265925 47.769288 144.264477
81 81 78
-18.309819 47.825106 141.739568
128 108 86
-16.841398 47.864418 141.204474
108 94 74
-6.258836 46.599576 139.741302
228 231 237
-5.311267 41.884449 133.881453
141 123 104
-14.819588 41.135920 129.967326
113 100 79
7.618016 34.674063 148.855384
78 73 67
-9.954566 38.847237 131.206559
15 17 19
13.150522 31.533278 146.677139
209 197 157
30.219633 25.610893 158.219991
108 79 49
31.500598 25.484207 157.763466
208 233 251
27.764920 25.417818 155.260080
225 215 172
24.700701 23.808218 152.870553
34 32 29
13.012989 27.198647 143.431422
80 78 78
-16.259543 51.980017 83.579567
120 114 119
4.017579 24.928772 140.380093
175 146 110
13.724017 22.966672 143.733096
252 227 169
8.255695 23.029947 141.956895
180 167 146
2.024761 22.912279 140.163503
148 129 106
8.918642 21.591360 141.863468
70 66 62
12.150365 19.741045 143.656551
184 171 146
14.199958 18.307938 145.953754
155 131 114
10.969674 18.115855 144.825458
197 171 132
5.462753 18.350356 141.399848
110 78 50
-15.540910 46.527512 138.382275
148 144 137
-11.341824 43.128927 134.798514
84 72 57
2.527139 36.474923 152.395517
82 77 68
-3.882182 40.894086 132.841909
145 137 122
-14.719563 40.328197 129.059955
159 146 125
-22.550590 38.531864 132.431665
125 95 45
-19.028374 39.246144 128.661231
42 29 16
-13.979220 39.375483 129.146350
154 150 145
-14.584141 39.380786 128.491372
153 138 118
3.461514 34.389497 146.726577
55 44 37
3.461514 34.389497 146.726577
55 44 37
24.499971 26.525100 154.302051
34 41 45
29.554851 25.593814 156.454113
199 190 152
40.299696 23.656406 159.158791
132 89 43
3.991577 26.555369 138.788630
209 191 170
3.991577 26.555369 138.788630
209 191 170
5.521376 24.049315 140.348256
170 151 119
16.395931 22.155426 144.937692
252 239 194
16.161863 19.259303 146.072953
254 240 193
14.311693 19.241831 145.462981
159 140 121
10.119910 20.105394 143.105492
191 170 141
10.759930 18.877423 144.516924
40 35 29
-16.438824 49.326946 143.572603
94 89 83
-15.598810 48.950615 143.627667
90 80 69
-16.602001 48.131060 143.702688
26 27 29
-10.185010 47.547292 145.300598
126 116 101
-25.673415 47.097612 138.600884
26 35 52
-8.509226 46.621756 144.537470
127 127 127
-5.003492 44.846923 138.097105
100 85 69
-17.669267 44.324318 135.545183
51 42 34
-11.156363 43.902970 137.990401
78 67 57
-23.480089 43.300414 132.276029
56 46 38
-13.146518 42.609942 132.640291
150 143 134
3.249622 36.920416 153.522133
119 115 110
-16.833081 40.637215 132.999179
24 16 12
-23.992388 39.590534 128.253373
14 23 31
-14.308158 39.456652 128.534742
84 65 46
12.574142 33.405999 150.422928
69 55 42
4.713762 33.738843 145.541717
127 115 99
18.690939 31.055332 150.147726
100 50 7
7.288922 31.228580 143.092367
64 51 39
25.708085 26.373480 155.917772
119 84 32
-3.360384 35.034856 128.694111
92 78 63
-3.360384 35.034856 128.694111
92 78 63
4.364072 29.992391 141.806060
45 39 34
29.127519 25.540231 156.609461
71 41 18
16.852409 28.819314 146.505124
170 164 153
25.610804 24.623529 153.149882
160 114 45
33.220636 22.917589 157.505206
227 216 196
23.847797 23.401108 153.124130
241 214 151
24.500323 21.125512 154.678572
128 82 31
3.439001 26.509978 138.658223
212 190 162
-24.076749 31.772477 123.752870
116 99 82
-16.066485 51.983403 83.604652
119 108 107
-16.066485 51.983403 83.604652
119 108 107
3.926126 25.826959 139.578598
105 76 52
18.865840 22.339429 146.539389
235 218 180
12.548205 22.074017 143.057991
171 159 140
12.881230 21.650039 143.205751
81 80 75
12.202547 21.868204 142.677550
94 80 64
14.863627 21.278780 143.903108
82 64 51
5.582708 22.186310 139.766551
127 110 90
17.006199 18.612685 147.223572
185 158 134
12.769535 18.141507 145.439586
140 112 96
4.751637 18.661921 140.799079
198 174 140
-14.301625 46.659156 138.178992
57 58 56
-5.371279 45.480859 138.498228
112 98 82
-4.264929 44.213484 135.555741
85 65 47
-4.454570 43.823855 135.559213
46 36 29
-4.238516 43.793989 135.307845
142 126 105
-3.792082 43.149111 134.800674
142 129 110
-3.760594 42.870927 134.806789
54 40 29
-3.563210 42.829030 134.542435
